--- Available Years per Subject (questionBank_old.js) ---
CAREER TECHNOLOGY: [2025, 2024]
COMPUTING: [2025, 2024]
CREATIVE ART AND DESIGN: [2025, 2024]
ENGLISH: [2025, 2024, 2023, 2022, 2021, 2020, 2019, 2018, 2017, 2016, 2015, 2014, 2013, 2012, 2010, 2009, 2008, 2007, 2006, 2005, 2004, 2003, 2002a, 2000, 1999, 1998, 1997, 1996, 1995, 1994, 1993, 1992, 1991, 1990]
ENGLISH 2002B: [2023]
FRENCH: [2025, 2024]
GHANAIAN LANGUAGE AND CULTURE GA: [2023, 2022]
HOME ECONOMICS: [2023, 2022, 2021, 2020, 2019, 2018]
HOME ECONOMICS RE SIT: [2018]
INFORMATION AND COMMUNICATIONS TECHNOLOGY: [2023, 2022, 2020, 2019, 2016, 2014, 2013, 2012, 2011]
MATHEMATICS: [2022, 2021, 2019, 2018, 2017, 2016, 2015, 2014, 2013, 2012, 2011, 2009, 2008, 2007, 2006, 2005, 2004, 2003, 2001, 2000, 1999, 1998, 1997, 1996, 1995, 1994, 1993, 1991, 1990]
MATHEMATICS A: [2002]
MATHEMATICS B: [2002]
PRE TECHNICAL SKILLS: [2023, 2022, 2021, 2020, 2019, 2018, 2017, 2016]
PRE TECHNICAL SKILLS RE SIT: [2018]
RELIGIOUS AND MORAL EDUCATION: [2025, 2017, 2014, 2013, 2012, 2011, 2009, 2008, 2007, 2004, 2003, 2002, 2001, 2000]
RELIGIOUS AND MORAL EDUCATION 2002B: [2023]
SCIENCE: [2025, 2022, 2021, 2020, 2019, 2018, 2017, 2016, 2015, 2014, 2013, 2012, 2011, 2010, 2009, 2008, 2007, 2006, 2005, 2004, 2003, 2001, 2000, 1999, 1998, 1997, 1996, 1995, 1994, 1993, 1991]
SCIENCE A: [2002]
SCIENCE B: [2002]
SOCIAL STUDIES: [2025, 2024, 2023, 2022, 2020, 2019, 2018, 2017, 2016, 2015, 2014, 2012, 2011, 2010, 2009, 2008, 2007, 2006, 2005, 2004, 2003, 2002, 2001, 2000, 1999, 1998, 1997, 1996, 1995, 1994, 1993, 1992, 1991, 1990]
SOCIAL STUDIES A: [2002]
SOCIALSTUDIES: [2021]
TWI ASANTE: [2024, 2023]
